mean: 0.49973
stdev: 0.28866
