mean: 0.49895
stdev: 0.28834
