mean: 1.00307
stdev: 1.00358
